0, 67 60 59 62 64 60 60 60 60 60 60 60 60;
1, 67 60 60 67 57 62 64 60 64 60 64 60 67 60 64 62 67 62 64 57 72
72 72 72 72 72 72 72;
2, 60 62 60 59 60 60 60 60 60 60 60 60 60 60;
3, 64 64 64 64 60 59 60 60 59 57 65 60 59 57 65 60 67 64 64 60 67
64 64 57 57 64 57 69 57 62 72 62 62 62 67 65 64 60 64 60 55 59 69 69
69 69 69 69 69 69;
4, 64 60 60 60 60 60 60 60 60;
5, 64 64 64 60 59 53 59 67 67 59 67 67 64 62 62 62 62 62 60 69 60
60 60 67 60 60 64 60 64 67 67 67 67 67 67 67 67;
6, 60 67 64 60 67 64 60 60 60 60 60 60 60 60;
7, 62 62 64 62 62 62 60 59 57 64 55 55 55 64 55 55 55 64 60 60 60
60 60 62 62 64 64 67 60 60 60 60 57 60 60 62 64 67 64 67 64 67 64 67
;
8, 60 60 60 60 60 60 60 60;
9, 60 60 60 57 60 60 62 60 59 62 62 59 71 60 59 72 60 62 62 62 60
60 60 60 67 57 62 55 64 55 60 60 57 60 62 60 60 60 62 67 62 67 62 67
62 67;
10, 60 60 60 64 69 64 69 64 69 64 69;
11, 60 60 62 60 62 64 62 60 60 64 62 60 60 60 71 62 55 60 71 62 55
64 64 64 60 60 55 67 67 62 60 60 62 62 60 57 62 64 57 62 64 62 72 62
72 62 72 62 72;
12, 60 62 60 72 60 72 60 72 60 72;
13, 67 62 62 67 62 53 64 62 55 62 64 67 60 64 71 60 60 60 60 60 60
57 55 64 62 60 59 62 57 62 64 64 57 60 64 60 72 60 72 60 72 60 72;
14, 60 57 57 65 72 72 72 72;
15, 64 62 67 64 64 64 64 53 64 62 60 53 64 62 60 53 67 69 65 67 69
65 64 60 57 57 64 57 64 57 60 69 60 60 65 64 64 64 62 53 67 67 65 67
67 65 65 60 62 60 60 60 60 60 60 60 60 60;
