13571, 64;
13572, 60 65 65 60;
13574, 60;
14082, 53 57;
14084, 64 62 60 64 62 60 60 64 57 62 62 64;
14594, 60 60 55 60 60 60 62 62 62 60 60 60 65 60 60;
14596, 55 55 60 60 60 64 60 65;
14598, 64;
15105, 59 59 57 60 60;
15106, 59 59 64;
15108, 60 55 55 60;
15112, 60 60;
15361, 60 60 60 55 62 62 62 62 60 69 67 64 62 60 60 60 69 67 67 67
60 72 69 67 64 62 60 60 60 69 67 67 67 60 72 69 67 64 62 60 60 60 69
67 67 67 60 72 69 67 64 62 60 60 60 69 67 67 67;
15362, 60 62 60 64 62 62 67 60 62 62 60 62 59 53 62 64 60 59 59 65
59 65 62 57 57 65 60 57 64 57 64 55 57 60 62 62 62 55 55 60 62 57 60
62 60 60 55 57 72 72 72 72;
15363, 60 64 64 57;
15364, 67 67 60 62 55 57 53 57 53 55 59 55 57 57 62 57 65 59 53 62
65 60 62 60 57 62 64;
15365, 60;
15366, 57 60;
15368, 62 60;
15370, 57;
15373, 64;
15374, 72;
15375, 64;
15873, 62 64 60 64 60 64 60 64 60;
15874, 60 64 64 60 64 64 64 60 64 60 60 55 60 60 60 60 60 60 64 64
64 65 60;
15875, 60 57 60 60 60;
15876, 60 60 53 59 60 60 59 60 60 60 60 60 60 64 62 64;
15878, 64 60;
15880, 59;
15881, 64 64;
15882, 64 64;
15886, 60;
15890, 64 60;
16384, 62;
16385, 60 62 60 60 62 60 62 60 62 60 62;
16386, 62 60 62 57 60 64 59 62 67 67 60 60 67 67 60 60 60 60 60 64
62 64 64 62 62 67 67 60 67 67;
16387, 62 60;
16388, 64 64 60 62 62 62 62 62 64 67 67 67 62 67 57 62 60 62;
16389, 62;
16390, 60;
16392, 62;
16396, 62;
16402, 62 67;
16642, 64 64 60 64 64;
16643, 64;
16644, 64 64 64 64;
17153, 64 64 67 60 60 60 69 60 60 60 69 60 60 60 69 60 60 60 69;
17154, 67 67 67 67 71 69 67 67 72 64 64 60 57 60 57;
17155, 60;
17156, 64 64 67 64 67 64 69 62;
17158, 69;
17170, 67;
17665, 60 60 72 60 60 72 60 60 72 60 60 72;
17666, 64 64 62;
17668, 72 67;
18177, 71;
18178, 69;
18179, 67 71;
18433, 67 71 60 60 72 72 72 60 60 60 72 72 72 60 60 60 72 72 72 60
60 60 72 72 72;
18436, 69;
