0, 31 0 4 0 12 7 5 2 2 0 0 0 0 12 7 5 2 4 0 12 7 5 2 2 0 0 0 0 12
7 5 2 4;
2, 2 0 0 4 0 0 0 4 0 0;
4, 7 5 2 7 2 7;
5, 7 5 2 0 0 0 0;
7, 9 4 7 5 0 0 12 0 0 12;
9, 11 7;
11, 9;
12, 12 14 16 17 14 14 12 12 14 16 17 14 14 12 16 24 14 14 0 0 0 12
12 12 0 0 0 12 12 12 60;
14, 16 12 12 16 12 12 12 12;
16, 12 19 12 19 12 12 19 12 19 12 19 12 19 19 12;
17, 24 24 28 29 29 18 24 21 16 21 16 21 16;
18, 19;
19, 17 28 26 24 28 26 24 24 28 28 21 26 26 28 24 16 16 24 16 16 24
16 16 17 16;
21, 24 24 19 19 19 24 24 24 26 24 26 28 24 26 24 24 24 28 24 29 24
24 29 24 17 17 17;
22, 21;
23, 23 23 23 23 24 21 19 19 24 24 24 24 22 28 24 28 24 24 24 24;
24, 31 24 26 24 28 24 26 26 31 31 24 26 26 24 28 24 24 24 24 26 26
24 23 17 19 21 17 26 28 19 21 17 24 23 23 28 26 29 19 23 23 28 26 29
19 26 21 26 21 26 29 24 28 24 21 21 17 21 21 23 21 21 28 19 21 24 26
26 26 21 29 26 23 19 19 17 26 24 24 26 21 21 29 24 26 24 24 26 26 21
24 24 26 19 28 21 24 36 33 31 28 26 24 24 24 36 33 31 31 31 24 36 33
31 28 26 24 24 24 36 33 31 31 31 24 36 33 31 28 26 24 24 24 36 33 31
31 31 24 36 33 31 28 26 24 24 24 36 33 31 31 31 24 26 23 29 29 24 23
19 24 23 19 24 23 19 24 23 19;
26, 77 24 28 26 24 28 21 24 24 28 17 28 28 24 28 23 24 24 24 23 24
24 24 24 24 28 28 28 24 24 24 24 24 24 24 28 24 28 24 24 24 24 24 28
24 26 28 28 28 28 28 29 24 23 24 28 24 28 24 28 24 28 24 28 24;
28, 26 28 26 24 24 26 26 28 26 21 24 28 23 26 26 24 26 26 24 26 26
31 31 24 24 31 31 24 24 26 24 24 24 28 26 28 26 28 28 26 31 31 31 26
26 26 31 21 26 31 31 31 24 24 31 31 24 24 26 26 24 26 24 26 24 26 24
26 24 26 24 36;
29, 28 28 28 28 24 28 28 28 28 28 28 28 38 41 29 29 29 29 29 31;
31, 28 31 28 28 31 28 31 31 31 35 33 28 31 31 31 36 28 33 33 28 26
31 28 31 24 24 21 24 21 24 24 24 33 24 24 24 33 24 24 24 33 24 24 24
33 31 31 31 43;
33, 28 28 26 36 31 24 24 36 24 24 36 24 24 36 24 24 36;
35, 35 31 35 33 35 29;
36, 35 33 24 24 36 36 36 24 24 24 36 36 36 24 24 24 36 36 36 24 24
24 36 36 36 24 36 40 36 36 38 36 40 41 36 36 41 36 36 36 41 35 29 36
36 36 43 36 36 36 36 38 41 36 38 40 41 38 38 36 36 38 40 41 38 38 36
40 48 38 38 12;
38, 38 40 38 38 38 36 36 36 43 36 40 36 36 40 36 36 36 36;
40, 36 40 40 40 43 40 40 43 40 40 43 40 40 40 38 36 38 38 36 45 36
43 36 43 36 36 43 36 43 36 43 36 43 43 36;
41, 41 40 36 36 36 29 40 40 41 41 41 45 40 40 41 43 45 45 40 45 40
45 40;
43, 40 40 43 41 41 41 43 43 43 45 43 43 43 41 41 41 48 40 40 48 40
40 48 40 40 41 40;
45, 45 45 45 45 43 43 41 47 41 41 41;
47, 48 48 48 48 48;
48, 48 48 48 48 48 50 48 47 43 48 47 43 48 47 43 48 47 43;
50, 50 50 50 36;
52, 53 52 53 53 53;
53, 60 55 53 53 52 60 53 53 52 55;
55, 57 60 55 55 55 57 55 55 55 55;
57, 52 55 57 57 57 57 57 52;
60, 55 53 60 60 60 57 60 60 60 60 60 60 60 53;
77, 24;
