53, 60 60 64 65 65 60;
55, 53 64 62 60 64 62 60 60 64 57 57 62 62 64;
57, 60 60 55 55 55 60 60 60 62 60 62 64 60 62 60 60 60 64 60 65 60
60 65 60;
59, 59 59 59 59 60 57 55 55 60 60 60 60 64 60;
60, 67 60 62 60 64 60 62 62 67 67 60 62 62 60 64 60 60 60 60 62 62
60 59 53 55 57 53 62 64 55 57 53 60 59 59 64 62 65 55 59 59 64 62 65
55 62 57 62 57 62 65 60 64 60 57 57 64 57 57 57 57 64 55 57 60 62 62
62 57 65 62 59 55 55 53 62 60 60 62 57 57 65 60 62 60 60 62 62 57 60
60 62 55 64 57 60 72 69 67 64 62 60 60 60 72 69 67 67 67 60 72 69 67
64 62 60 60 60 72 69 67 67 67 60 72 69 67 64 62 60 60 60 72 69 67 67
67 60 72 69 67 64 62 60 60 60 72 69 67 67 67;
62, 60 60 64 62 60 64 57 60 60 64 53 64 64 60 64 59 60 60 60 59 60
60 60 60 60 64 64 64 60 60 60 55 60 60 60 64 60 64 60 60 60 60 60 64
60 62 64 64 64 64 64 65 60 59 60 64 60 64 60 64 60 64 60;
64, 62 64 62 60 60 62 62 64 62 57 60 64 59 62 62 60 62 62 60 62 62
67 67 60 60 67 67 60 60 62 60 60 60 64 62 64 62 64 64 62 67 67 67 62
62 62 67 57 62 67 67 67 60 60 67 67 60 60 62 62 60 62 60 62 60 62 60
62;
65, 64 64 64 64 60 64 64 64 64 64;
67, 64 67 64 64 67 64 67 67 67 71 69 64 67 67 67 72 64 69 69 64 62
67 64 67 60 60 57 60 57 60 60 60 69 60 60 60 69 60 60 60 69 60 60 60
69;
69, 64 64 62 72 67 60 60 72 60 60 72 60 60 72 60 60 72;
71, 71 67 71 69;
72, 67 71 69 60 60 72 72 72 60 60 60 72 72 72 60 60 60 72 72 72 60
60 60 72 72 72;
