0, 0 1 1 1 1 1 1 1 1 1 1 1 1;
1, 4 2 2 4 2 2 2 2 8 2 2 2 2 2 2 2 2 2 2 8 1 1 1 1 1 1 1 1;
2, 1 1 2 2 2 3 1 1 1 1 1 1 1 1;
3, 4 2 4 2 1 1 1 4 4 4 4 4 4 4 4 8 4 4 4 8 4 4 4 2 2 2 2 2 2 4 4 4
4 2 3 6 4 4 4 2 4 4 1 1 1 1 1 1 1 1;
4, 3 1 1 1 1 1 1 1 1;
5, 2 3 2 4 2 3 2 2 2 2 2 2 4 2 2 2 2 2 2 2 2 2 4 4 4 6 2 2 6 1 1 1
1 1 1 1 1;
6, 1 1 1 1 1 1 1 1 1 1 1 1 1 1;
7, 4 2 5 2 4 2 4 4 2 2 4 4 4 4 4 4 4 4 4 4 6 9 9 2 3 4 4 4 2 2 4 2
8 4 4 2 1 1 1 1 1 1 1 1;
8, 1 1 1 1 1 1 1 1;
9, 2 2 2 2 2 2 4 2 2 2 2 3 3 3 3 3 3 2 2 2 4 4 4 4 4 4 4 4 4 4 10
2 10 2 2 2 2 2 1 1 1 1 1 1 1 1;
10, 1 1 13 1 1 1 1 1 1 1 1;
11, 2 2 2 2 4 4 4 4 2 4 4 4 2 2 2 2 4 2 2 2 4 2 2 2 4 4 6 4 14 4 2
4 2 2 2 4 2 2 4 2 8 1 1 1 1 1 1 1 1;
12, 2 3 1 1 1 1 1 1 1 1;
13, 4 2 3 4 2 4 2 2 6 2 2 2 2 2 2 2 2 2 2 15 2 2 4 4 2 4 2 4 4 4 2
2 2 2 2 1 1 1 1 1 1 1 1;
14, 1 1 1 1 1 1 1 1;
15, 2 2 5 2 3 2 2 2 4 4 4 4 1 4 4 4 2 2 2 2 2 2 4 2 2 4 2 6 6 2 10
4 18 4 18 2 18 18 18 4 2 2 2 2 4 3 4 4 4 12 14 2 1 2 1 2 1 2;
